InfraspecificName	StudyStart	Replication	TGW	GW_m2	GW_MS	HD	main_spike	main_stem	G_MS	TL	Wvpd	Precipitation
GeH001	2012	1	59.07	665	0.96	45	8	50	16.2	29	6.27	271.6
GeH004	2012	1	56.85	1020	1.05	46	7.4	62	18.4	27	6.27	271.6
GeH042	2012	1	56.85	715	0.85	48	6.7	50	14.9	29	6.27	271.6
GeH042	2012	2	57.68	735	0.82	48	6.7	55	14.2	29	6.27	271.6
GeH042	2012	3	56.62	660	0.75	48	6.1	38	13.3	29	6.27	271.6
GeH043	2012	1	54.91	680	0.88	45	7.3	45	16.1	29	6.27	271.6
GeH043	2012	2	51.63	860	0.86	45	7.3	47	16.6	29	6.27	271.6
GeH043	2012	3	52.41	800	0.87	45	8	55	16.6	29	6.27	271.6
GeH045	2012	1	56.29	755	0.7	48	6.9	60	12.4	29	6.27	271.6
GeH045	2012	2	57.57	660	0.62	48	5.8	39	10.7	29	6.27	271.6
GeH045	2012	3	57.52	720	0.81	49	6.4	50	14.1	30	6.27	271.6
GeH046	2012	1	58.79	770	0.92	45	7.5	58	15.7	31	6.27	271.6
GeH004	2012	2	56.78	930	1.18	46	8.3	62	20.8	27	6.27	271.6
GeH046	2012	2	57.95	690	0.93	45	8.1	51	16.1	29	6.27	271.6
GeH046	2012	3	56.72	720	1	45	7	37	17.7	31	6.27	271.6
GeH047	2012	1	55.38	780	0.88	46	7	60	15.8	27	6.27	271.6
GeH047	2012	2	57.37	750	1.03	46	7.2	57	17.9	27	6.27	271.6
GeH047	2012	3	54.61	685	1.04	45	7	62	19.1	28	6.27	271.6
GeH049	2012	1	58.08	750	0.73	44	6.3	53	12.5	29	6.27	271.6
GeH049	2012	2	54.31	540	0.59	44	5.2	45	10.9	29	6.27	271.6
GeH049	2012	3	56.6	580	0.8	44	5.5	42	14.1	29	6.27	271.6
GeH052	2012	1	60.34	860	1.07	48	7.1	57	17.8	27	6.27	271.6
GeH052	2012	2	51.27	840	0.69	48	7	50	13.4	27	6.27	271.6
GeH004	2012	3	55.36	780	0.99	46	7.2	70	17.9	27	6.27	271.6
GeH052	2012	3	54.69	860	0.88	48	6.4	50	16	27	6.27	271.6
GeH053	2012	1	57.9	755	0.94	48	6.7	42	16.2	27	6.27	271.6
GeH053	2012	2	51.62	940	0.73	48	7.2	50	14.2	27	6.27	271.6
GeH053	2012	3	60.81	865	1.05	48	7.5	61	17.3	27	6.27	271.6
GeH055	2012	1	54.69	680	1.06	45	7.1	48	19.4	29	6.27	271.6
GeH055	2012	2	50.86	870	1.12	45	8.6	45	22	29	6.27	271.6
GeH055	2012	3	51.55	630	1.03	45	7.3	50	20	27	6.27	271.6
GeH056	2012	1	59.44	1020	1.17	46	8.1	70	19.7	27	6.27	271.6
GeH056	2012	2	57.57	980	1.02	46	8.1	70	17.7	27	6.27	271.6
GeH056	2012	3	60.51	860	1.18	46	8.6	60	19.5	28	6.27	271.6
GeH005	2012	1	52.99	890	0.89	48	6.8	58	16.7	29	6.27	271.6
GeH057	2012	1	55.56	640	0.9	45	7	62	16.2	29	6.27	271.6
GeH057	2012	2	55.27	640	0.91	45	7.2	48	16.5	29	6.27	271.6
GeH057	2012	3	56.39	480	1.02	45	7.7	56	18	29	6.27	271.6
GeH058	2012	1	55.06	525	0.94	45	7.8	44	17	27	6.27	271.6
GeH058	2012	2	57.84	680	1.1	45	7.9	50	19	27	6.27	271.6
GeH058	2012	3	55.2	525	0.96	45	7.2	47	17.3	27	6.27	271.6
GeH059	2012	1	57.5	630	1.01	45	7.2	50	17.6	29	6.27	271.6
GeH059	2012	2	54.27	905	0.97	45	7.3	52	17.8	29	6.27	271.6
GeH059	2012	3	54.78	730	1.1	45	7.6	50	20.1	29	6.27	271.6
GeH063	2012	1	62.72	615	1.22	44	8.4	58	19.5	29	6.27	271.6
GeH005	2012	2	54.01	870	0.88	48	6.9	48	16.2	29	6.27	271.6
GeH063	2012	2	62.17	560	1.09	44	7.9	50	17.5	29	6.27	271.6
GeH063	2012	3	59.84	875	1.14	44	7.7	67	19	29	6.27	271.6
GeH064	2012	1	56.52	680	0.75	44	7	50	13.2	27	6.27	271.6
GeH064	2012	2	54.14	545	0.69	44	6.2	45	12.8	27	6.27	271.6
GeH064	2012	3	56.38	750	0.92	44	6.7	52	16.3	27	6.27	271.6
GeH065	2012	1	56.89	710	1.02	46	7.6	50	18	29	6.27	271.6
GeH065	2012	2	58.03	645	1	46	7.4	46	17.3	29	6.27	271.6
GeH065	2012	3	52.69	850	0.9	46	7.9	50	17.1	28	6.27	271.6
GeH067	2012	1	52.73	640	0.97	44	7.9	64	18.3	27	6.27	271.6
GeH067	2012	2	53.85	810	0.94	44	7.3	56	17.4	27	6.27	271.6
GeH005	2012	3	52.54	715	0.97	48	7.8	60	18.5	29	6.27	271.6
GeH067	2012	3	55.56	700	0.99	44	7.6	55	17.8	27	6.27	271.6
GeH068	2012	1	55.3	650	1.11	46	7	55	20	27	6.27	271.6
GeH068	2012	2	52.15	890	1.34	46	9	65	25.6	26	6.27	271.6
GeH068	2012	3	50.13	775	1.16	45	7.6	57	23.1	27	6.27	271.6
GeH069	2012	1	51.36	765	0.9	48	6.1	43	17.6	31	6.27	271.6
GeH069	2012	2	47.9	840	0.96	48	7.1	55	20	31	6.27	271.6
GeH069	2012	3	48.88	815	0.92	48	7.4	50	18.8	30	6.27	271.6
GeH070	2012	1	54.75	655	0.67	45	6	46	12.2	31	6.27	271.6
GeH070	2012	2	55.39	610	0.64	45	5.7	46	11.5	31	6.27	271.6
GeH070	2012	3	55	710	0.76	48	6	53	13.8	31	6.27	271.6
GeH006	2012	1	58.77	580	0.72	46	6	47	12.2	29	6.27	271.6
GeH071	2012	2	55.29	745	1.03	48	7	60	18.7	29	6.27	271.6
GeH071	2012	3	58.74	835	1.4	48	8.8	69	23.9	29	6.27	271.6
GeH072	2012	1	65.39	790	0.92	45	6.8	60	14.1	27	6.27	271.6
GeH072	2012	2	64.26	705	0.87	45	6.4	52	13.6	27	6.27	271.6
GeH072	2012	3	60.96	690	0.82	45	6.3	48	13.5	27	6.27	271.6
GeH073	2012	1	53.67	800	1.13	48	7.9	52	21	27	6.27	271.6
GeH073	2012	2	30.78	595	0.55	48	6.8	50	17.9	27	6.27	271.6
GeH073	2012	3	51.41	710	1.06	48	6.8	56	20.6	27	6.27	271.6
GeH074	2012	1	54.88	825	0.9	48	7.3	51	16.4	29	6.27	271.6
GeH074	2012	2	53.59	785	0.9	48	6.5	50	16.7	29	6.27	271.6
GeH006	2012	2	63.41	695	0.8	46	6.6	56	12.6	28	6.27	271.6
GeH074	2012	3	53.33	770	0.88	48	6.7	50	16.5	29	6.27	271.6
GeH075	2012	1	52.77	710	0.84	45	7.2	66	15.9	31	6.27	271.6
GeH075	2012	2	58.38	545	1.15	45	7.7	57	19.7	31	6.27	271.6
GeH075	2012	3	56.04	590	0.89	45	7	40	15.9	31	6.27	271.6
GeH076	2012	1	57.3	750	1.12	48	8.5	52	19.6	31	6.27	271.6
GeH076	2012	2	50.78	850	1.04	48	8.5	52	20.4	31	6.27	271.6
GeH076	2012	3	49.67	860	0.91	48	7.3	50	18.3	30	6.27	271.6
GeH077	2012	1	52.82	785	0.86	48	7.7	60	16.3	27	6.27	271.6
GeH077	2012	2	50.48	680	0.95	48	7.4	52	18.9	27	6.27	271.6
GeH077	2012	3	55.33	620	1.1	48	8.2	52	19.9	27	6.27	271.6
GeH006	2012	3	56.72	595	0.71	46	5.8	50	12.5	28	6.27	271.6
GeH078	2012	1	62.28	545	0.79	46	6.1	53	12.7	31	6.27	271.6
GeH078	2012	2	53.2	705	0.67	46	6.3	60	12.5	31	6.27	271.6
GeH078	2012	3	49.36	645	0.54	46	4.6	53	10.9	31	6.27	271.6
GeH079	2012	1	51.01	705	0.96	46	7.3	48	18.8	29	6.27	271.6
GeH079	2012	2	48.32	875	0.87	46	7.2	55	17.9	29	6.27	271.6
GeH079	2012	3	50.94	740	0.98	46	7.1	55	19.2	29	6.27	271.6
GeH081	2012	1	52.59	620	1.02	46	7.7	60	19.3	29	6.27	271.6
GeH081	2012	2	52.83	510	1.01	46	7.4	48	19.1	29	6.27	271.6
GeH081	2012	3	50.92	480	0.94	46	7	52	18.4	29	6.27	271.6
GeH082	2012	1	57.38	610	1.1	45	7.4	53	19.1	29	6.27	271.6
GeH007	2012	1	50.14	915	0.73	49	7.6	55	14.6	27	6.27	271.6
GeH082	2012	2	53.56	725	0.95	45	7.2	60	17.7	29	6.27	271.6
GeH082	2012	3	51.39	700	1.04	45	7.9	65	20.2	28	6.27	271.6
GeH083	2012	1	61.63	830	0.76	46	5.2	60	12.3	27	6.27	271.6
GeH083	2012	2	55.81	805	0.69	46	5	54	12.4	27	6.27	271.6
GeH083	2012	3	60.45	650	0.81	46	5.8	48	13.4	26	6.27	271.6
GeH085	2012	1	53.8	875	0.89	44	7.5	60	16.6	27	6.27	271.6
GeH085	2012	2	54.07	830	0.81	44	7	55	15	27	6.27	271.6
GeH085	2012	3	54.17	600	0.82	44	6	57	15.1	27	6.27	271.6
GeH087	2012	1	51.69	345	0.64	44	5.8	42	12.4	27	6.27	271.6
GeH087	2012	2	51.67	335	0.56	44	5.8	40	10.8	27	6.27	271.6
GeH001	2012	2	48.91	875	0.86	45	7.6	60	17.5	29	6.27	271.6
GeH007	2012	2	51.23	950	0.84	49	7.5	55	16.3	27	6.27	271.6
GeH087	2012	3	47.37	490	0.79	44	5.9	52	16.7	27	6.27	271.6
GeH089	2012	1	58.65	650	0.91	44	6.2	50	15.5	27	6.27	271.6
GeH089	2012	2	51.83	510	0.65	43	6	42	12.6	26	6.27	271.6
GeH089	2012	3	52.97	655	0.68	44	6.1	50	12.8	27	6.27	271.6
GeH090	2012	1	58.22	620	0.75	45	7.5	51	12.9	29	6.27	271.6
GeH090	2012	2	52.7	735	0.78	45	6.8	50	14.8	30	6.27	271.6
GeH090	2012	3	61.2	595	1.02	45	7.5	50	16.7	29	6.27	271.6
GeH091	2012	1	55.37	540	0.68	41	5.9	48	12.3	29	6.27	271.6
GeH091	2012	2	51.81	520	0.6	42	5.4	43	11.6	29	6.27	271.6
GeH091	2012	3	53.81	540	0.72	41	5.7	48	13.4	29	6.27	271.6
GeH007	2012	3	54.72	940	0.89	49	7.3	45	16.3	27	6.27	271.6
GeH092	2012	1	57.37	625	1.18	46	8.5	50	20.5	27	6.27	271.6
GeH092	2012	2	54.14	560	0.88	46	7.4	58	16.2	27	6.27	271.6
GeH092	2012	3	56.4	605	1.11	46	7.8	63	19.7	27	6.27	271.6
GeH093	2012	1	51.61	545	0.58	46	4.4	45	11.2	29	6.27	271.6
GeH093	2012	2	51.67	390	0.59	46	5.6	50	11.4	28	6.27	271.6
GeH093	2012	3	48.37	540	0.6	45	5	55	12.3	29	6.27	271.6
GeH094	2012	1	51.2	620	0.73	45	7.3	48	14.2	29	6.27	271.6
GeH094	2012	2	49.27	485	0.54	45	5.4	38	11	29	6.27	271.6
GeH094	2012	3	51.45	510	0.64	46	5	43	12.4	29	6.27	271.6
GeH096	2012	1	54.15	805	1.06	48	8.5	63	19.5	29	6.27	271.6
GeH009	2012	1	55.66	850	1.05	46	8.1	58	18.9	31	6.27	271.6
GeH096	2012	2	59.66	885	1.22	48	8.4	67	20.5	29	6.27	271.6
GeH096	2012	3	54.55	745	1.1	48	8	60	20.2	29	6.27	271.6
GeH098	2012	1	52.94	505	0.85	46	6.2	47	16	31	6.27	271.6
GeH098	2012	2	50.99	395	0.72	46	5.4	49	14.2	31	6.27	271.6
GeH098	2012	3	51.43	490	0.83	46	5.7	45	16.1	31	6.27	271.6
GeH101	2012	1	49.58	795	0.6	44	4.6	50	12	27	6.27	271.6
GeH101	2012	2	55.29	605	0.76	44	6.4	48	13.8	27	6.27	271.6
GeH101	2012	3	53.76	595	0.76	43	4.8	40	14.1	27	6.27	271.6
GeH103	2012	1	54.88	810	0.88	49	7.1	40	16	27	6.27	271.6
GeH103	2012	2	52.59	850	0.89	49	7.6	55	17	27	6.27	271.6
GeH009	2012	2	50.38	800	0.67	46	6.1	60	13.3	31	6.27	271.6
GeH103	2012	3	50.76	525	0.74	49	5.4	38	14.5	27	6.27	271.6
GeH104	2012	1	55.38	385	0.88	46	6.7	32	15.8	29	6.27	271.6
GeH104	2012	2	51.19	520	0.77	46	7.4	52	15.1	29	6.27	271.6
GeH104	2012	3	52.9	430	0.86	46	6.5	56	16.2	29	6.27	271.6
GeH106	2012	1	68.01	665	1.1	48	7.3	60	16.1	29	6.27	271.6
GeH106	2012	2	60.96	820	1.01	48	7.3	57	16.6	29	6.27	271.6
GeH106	2012	3	63.81	600	1.07	48	7	48	16.8	29	6.27	271.6
GeH107	2012	1	57.59	405	0.91	45	6.5	47	15.8	29	6.27	271.6
GeH107	2012	2	56.78	575	0.85	45	8	58	14.9	29	6.27	271.6
GeH107	2012	3	53.2	485	0.68	45	5.9	50	12.8	29	6.27	271.6
GeH009	2012	3	34.97	650	0.68	46	5.1	50	19.3	31	6.27	271.6
GeH108	2012	1	62.84	625	1.15	46	8.2	50	18.3	27	6.27	271.6
GeH108	2012	2	58.4	845	1.28	46	9.7	62	21.9	27	6.27	271.6
GeH108	2012	3	56.12	660	1	45	7.1	52	17.8	27	6.27	271.6
GeH109	2012	1	50.54	610	0.75	45	6.3	50	14.8	29	6.27	271.6
GeH109	2012	2	48.15	550	0.6	45	5.7	45	12.4	29	6.27	271.6
GeH109	2012	3	49.17	420	0.65	45	5.5	42	13.3	29	6.27	271.6
GeH110	2012	1	58.84	635	0.87	46	6.6	53	14.7	27	6.27	271.6
GeH110	2012	2	55.49	790	0.91	46	7.4	55	16.4	27	6.27	271.6
GeH110	2012	3	54.78	710	0.86	46	6.7	65	15.7	27	6.27	271.6
GeH112	2012	1	54.96	630	0.65	46	6	55	11.9	31	6.27	271.6
GeH010	2012	1	53.26	860	0.93	46	7.5	47	17.5	31	6.27	271.6
GeH112	2012	2	56.67	620	0.78	46	6.4	56	13.8	30	6.27	271.6
GeH112	2012	3	54.92	660	0.66	46	5.5	48	12	31	6.27	271.6
GeH113	2012	1	48.57	755	0.48	44	6.4	53	9.8	27	6.27	271.6
GeH113	2012	2	52.15	610	0.7	44	7.1	56	13.5	27	6.27	271.6
GeH113	2012	3	53.37	700	0.87	44	7.5	52	16.3	27	6.27	271.6
GeH114	2012	1	59.87	500	0.9	45	7.1	50	15	31	6.27	271.6
GeH114	2012	2	57.99	680	0.92	45	6.6	60	15.9	27	6.27	271.6
GeH114	2012	3	58.54	710	0.84	45	6.8	60	14.4	27	6.27	271.6
GeH115	2012	1	52.97	675	0.87	45	8.3	55	16.5	27	6.27	271.6
GeH115	2012	2	57.28	655	0.97	45	7.5	45	16.9	27	6.27	271.6
GeH010	2012	2	45.86	850	0.91	46	7.5	58	19.8	32	6.27	271.6
GeH115	2012	3	55.76	810	0.99	44	8.5	60	17.7	27	6.27	271.6
GeH116	2012	1	58.43	655	0.82	46	6.4	49	14	29	6.27	271.6
GeH116	2012	2	52.63	590	0.52	46	5.5	44	9.9	29	6.27	271.6
GeH116	2012	3	55.26	615	0.76	46	6.1	50	13.7	29	6.27	271.6
GeH117	2012	1	51.87	655	0.86	48	6.7	52	16.6	27	6.27	271.6
GeH117	2012	2	52.36	580	0.82	48	7.2	50	15.7	27	6.27	271.6
GeH117	2012	3	53.5	675	0.96	48	8	55	18	27	6.27	271.6
GeH118	2012	1	40.91	590	0.54	45	6.76	40	13.2	31	6.27	271.6
GeH118	2012	2	53.8	685	0.81	45	5.9	52	15	31	6.27	271.6
GeH118	2012	3	50.87	580	0.76	45	5.7	60	15	31	6.27	271.6
GeH010	2012	3	51.36	700	1.02	45	7.6	60	19.8	31	6.27	271.6
GeH119	2012	1	51.98	855	0.84	44	7.4	60	16.2	27	6.27	271.6
GeH119	2012	2	48.68	745	0.66	44	6.1	50	13.6	27	6.27	271.6
GeH119	2012	3	49.33	650	0.89	45	6.3	55	18	27	6.27	271.6
GeH120	2012	1	64.87	850	0.99	48	7.3	60	15.2	29	6.27	271.6
GeH120	2012	2	67.43	825	1.03	48	7.6	53	15.2	27	6.27	271.6
GeH120	2012	3	62.57	880	1.07	47	7.2	52	17.1	27	6.27	271.6
GeH121	2012	1	61.03	530	0.83	44	6.9	42	13.6	27	6.27	271.6
GeH121	2012	2	54.63	460	0.73	44	6.4	45	13.4	27	6.27	271.6
GeH121	2012	3	49.58	405	0.59	45	5	38	11.8	27	6.27	271.6
GeH122	2012	1	54.65	625	1.01	46	7.3	40	18.5	31	6.27	271.6
GeH011	2012	1	60	895	1.11	46	8	65	18.5	27	6.27	271.6
GeH122	2012	2	52.46	715	0.94	46	8.1	62	17.9	31	6.27	271.6
GeH122	2012	3	51.69	505	0.86	46	7.1	50	16.6	30	6.27	271.6
GeH123	2012	1	54.96	505	0.78	44	5.9	50	14.1	27	6.27	271.6
GeH123	2012	2	54.14	470	0.63	44	6	38	11.6	27	6.27	271.6
GeH123	2012	3	49.39	425	0.65	45	5.5	40	13.1	27	6.27	271.6
GeH125	2012	1	67.63	715	1.26	48	8	62	18.6	29	6.27	271.6
GeH125	2012	2	66.48	670	1.1	48	7.8	55	16.5	29	6.27	271.6
GeH125	2012	3	61.81	570	1.03	48	6.7	50	16.6	29	6.27	271.6
GeH126	2012	1	35.63	830	0.51	48	7	57	14.4	27	6.27	271.6
GeH126	2012	2	53.98	790	0.72	48	8.5	48	13.3	27	6.27	271.6
GeH011	2012	2	54.28	960	0.98	46	7	65	18	28	6.27	271.6
GeH126	2012	3	52.64	750	0.84	49	6.6	48	15.9	27	6.27	271.6
GeH127	2012	1	63.45	865	1.29	48	9.4	62	20.3	29	6.27	271.6
GeH127	2012	2	57.05	870	1.04	48	8.3	50	18.3	29	6.27	271.6
GeH127	2012	3	61.01	870	1.26	48	8.9	65	20.7	29	6.27	271.6
GeH128	2012	1	51.36	570	0.57	44	5.8	52	11	31	6.27	271.6
GeH128	2012	2	48.86	490	0.56	45	4.6	48	11.4	31	6.27	271.6
GeH128	2012	3	48.45	450	0.47	44	5.5	48	9.7	31	6.27	271.6
GeH129	2012	1	53.97	500	0.73	46	5.6	43	13.6	29	6.27	271.6
GeH129	2012	2	50.23	585	0.64	46	5.7	50	12.8	29	6.27	271.6
GeH129	2012	3	48.8	540	0.57	45	6.1	46	11.7	29	6.27	271.6
GeH001	2012	3	56.21	745	1.1	44	7.5	60	19.5	29	6.27	271.6
GeH011	2012	3	51.42	830	1.09	46	7.8	70	21.1	27	6.27	271.6
Georgie	2012	1	48.49	940	0.93	48	8.3	70	19.2	29	6.27	271.6
Georgie	2012	2	53.15	1125	1.05	48	8	60	19.7	29	6.27	271.6
Georgie	2012	3	56.76	990	1.23	47	8.1	58	21.6	28	6.27	271.6
Harmal	2012	1	53.04	290	0.3	40	4.2	40	5.6	27	6.27	271.6
Harmal	2012	2	53.6	415	0.75	41	6	36	13.9	27	6.27	271.6
Harmal	2012	3	45.21	370	0.32	40	4.3	38	7.1	27	6.27	271.6
GeH012	2012	1	63.23	785	1.23	49	7.5	52	19.5	29	6.27	271.6
GeH012	2012	2	61.88	790	1.19	49	7.8	50	19.2	29	6.27	271.6
GeH012	2012	3	56.38	805	0.86	50	6.5	42	15.2	29	6.27	271.6
GeH013	2012	1	57.84	605	0.89	46	7.3	41	15.3	27	6.27	271.6
GeH013	2012	2	60.06	760	1.02	46	8.1	55	16.9	27	6.27	271.6
GeH013	2012	3	58.03	745	0.71	46	6.2	48	12.2	27	6.27	271.6
GeH016	2012	1	50.87	530	0.82	46	6.1	40	16.1	31	6.27	271.6
GeH016	2012	2	52.54	650	0.75	46	6.4	49	14.2	31	6.27	271.6
GeH016	2012	3	51.03	470	0.69	46	5.5	54	13.6	31	6.27	271.6
GeH002	2012	1	50.57	780	0.89	48	7	50	17.6	29	6.27	271.6
GeH017	2012	1	54.52	645	0.74	45	4.5	39	13.5	29	6.27	271.6
GeH017	2012	2	55.26	705	0.82	45	6.9	55	14.78	30	6.27	271.6
GeH017	2012	3	56.39	590	0.61	45	4.9	32	10.8	29	6.27	271.6
GeH018	2012	1	59.38	835	1.15	49	8	65	19.4	27	6.27	271.6
GeH018	2012	2	55.67	660	0.91	49	7.1	53	16.4	27	6.27	271.6
GeH018	2012	3	59.38	615	1.06	49	7.9	50	17.8	27	6.27	271.6
GeH019	2012	1	57.04	730	1.18	46	7.8	53	20.6	29	6.27	271.6
GeH019	2012	2	51.53	895	0.91	46	7.8	64	17.6	29	6.27	271.6
GeH019	2012	3	52.81	630	1.05	47	7.2	60	19.9	29	6.27	271.6
GeH020	2012	1	50.95	880	0.86	48	7.5	62	16.8	29	6.27	271.6
GeH002	2012	2	53.38	770	0.82	49	7.1	57	15.4	29	6.27	271.6
GeH020	2012	2	54.8	990	1.22	48	9.8	75	22.3	29	6.27	271.6
GeH020	2012	3	56.74	1015	1.24	49	8.3	74	21.8	30	6.27	271.6
GeH021	2012	1	54.45	905	1.14	48	8.3	60	20.9	29	6.27	271.6
GeH021	2012	2	51.06	865	0.87	48	7.3	55	17	29	6.27	271.6
GeH021	2012	3	57.17	730	1.07	49	7.5	50	18.7	29	6.27	271.6
GeH022	2012	1	59.1	805	1.25	49	8.5	52	21.1	27	6.27	271.6
GeH022	2012	2	51.36	930	0.83	49	6.5	56	16.2	27	6.27	271.6
GeH022	2012	3	55.77	775	1.09	50	8.2	52	19.6	27	6.27	271.6
GeH023	2012	1	56.44	770	1.08	46	7	45	19.1	29	6.27	271.6
GeH023	2012	2	50.72	910	0.99	46	7.6	55	19.5	29	6.27	271.6
GeH002	2012	3	49.41	700	0.58	48	5.6	35	11.8	29	6.27	271.6
GeH023	2012	3	51.47	720	0.8	45	6.4	45	15.6	29	6.27	271.6
GeH024	2012	1	55.81	875	0.76	44	7	63	13.6	27	6.27	271.6
GeH024	2012	2	58.48	760	0.97	44	7.9	50	16.5	27	6.27	271.6
GeH024	2012	3	53.92	675	0.7	43	5.9	56	13	27	6.27	271.6
GeH025	2012	1	64.75	800	1.17	44	8.1	52	18.1	27	6.27	271.6
GeH025	2012	2	66.97	645	1.02	45	7.5	51	15.2	27	6.27	271.6
GeH025	2012	3	62.45	630	1.02	44	7.3	52	16.3	27	6.27	271.6
GeH026	2012	1	59.82	725	0.98	49	6.7	50	16.4	29	6.27	271.6
GeH026	2012	2	60.63	540	1.06	49	7.8	48	17.4	29	6.27	271.6
GeH026	2012	3	53.31	605	0.81	49	6.2	62	15.1	29	6.27	271.6
GeH003	2012	1	58.62	760	1.06	45	7.7	74	18.1	29	6.27	271.6
GeH027	2012	1	57.81	908	1.06	46	7.9	70	18.3	27	6.27	271.6
GeH027	2012	2	59.64	602	1.01	46	8	47	16.9	27	6.27	271.6
GeH027	2012	3	55.37	750	0.9	45	7.3	50	16.2	27	6.27	271.6
GeH028	2012	1	52.6	800	0.89	46	8	60	16.9	29	6.27	271.6
GeH028	2012	2	58.44	520	0.98	46	7.2	43	16.7	29	6.27	271.6
GeH028	2012	3	54.23	670	0.99	46	7.7	58	18.2	28	6.27	271.6
GeH029	2012	1	56.4	940	0.97	47	7.6	62	17.2	29	6.27	271.6
GeH029	2012	2	57.06	600	1.03	48	7	58	18	29	6.27	271.6
GeH029	2012	3	55.08	740	1.04	48	8.2	65	18.9	30	6.27	271.6
GeH031	2012	1	59.73	420	0.9	48	6.6	43	15	31	6.27	271.6
GeH003	2012	2	60.63	615	1.06	45	7.7	62	17.5	28	6.27	271.6
GeH031	2012	2	56.36	600	0.85	49	7.2	53	15.1	31	6.27	271.6
GeH031	2012	3	54.08	480	0.85	48	7	45	15.7	32	6.27	271.6
GeH032	2012	1	51.54	455	0.6	46	5.1	38	11.7	31	6.27	271.6
GeH032	2012	2	45.48	525	0.57	46	6.6	43	12.6	31	6.27	271.6
GeH032	2012	3	51.84	590	0.59	46	5.4	47	11.4	29	6.27	271.6
GeH033	2012	1	53.81	675	0.95	44	6.9	60	17.6	27	6.27	271.6
GeH033	2012	2	58.1	545	0.98	44	7.2	54	16.8	27	6.27	271.6
GeH033	2012	3	55.7	770	1.15	44	8.5	48	20.7	27	6.27	271.6
GeH034	2012	1	50.23	385	0.66	45	5	37	13.1	29	6.27	271.6
GeH034	2012	2	49.46	530	0.55	45	5.3	38	11.2	29	6.27	271.6
GeH003	2012	3	55.3	670	0.74	45	6.4	53	13.4	28	6.27	271.6
GeH034	2012	3	54.63	490	0.81	46	6.3	40	14.9	29	6.27	271.6
GeH036	2012	1	59.61	720	0.92	48	6.9	50	15.5	29	6.27	271.6
GeH036	2012	2	52.03	805	0.67	48	6.1	59	12.8	29	6.27	271.6
GeH036	2012	3	53.4	590	0.53	48	5	32	10	29	6.27	271.6
GeH039	2012	1	60.1	855	1.2	46	8.7	70	19.9	27	6.27	271.6
GeH039	2012	2	61.9	650	1.24	46	8.5	52	20	26	6.27	271.6
GeH039	2012	3	57.75	670	1.08	45	7.4	64	18.7	27	6.27	271.6
GeH040	2012	1	56.52	605	0.78	45	6.8	50	13.8	29	6.27	271.6
GeH040	2012	2	53.6	660	0.95	45	8	60	17.8	29	6.27	271.6
GeH040	2012	3	55.99	690	0.8	45	6.6	44	14.2	29	6.27	271.6
GeH001	2013	1	54.69	630	1.15	51	7.4	60	21.1	28	6.16	273.1
GeH004	2013	1	51.9	550	1.15	53	9.3	62	22.1	25	6.16	273.1
GeH042	2013	1	51.55	490	0.76	51	6.8	50	14.8	20	6.16	273.1
GeH042	2013	2	50.32	590	0.79	51	5.9	58	15.6	22	6.16	273.1
GeH042	2013	3	53.33	510	0.75	49	6	50	14.1	22	6.16	273.1
GeH043	2013	1	53.45	630	1.04	51	7.4	46	19.4	25	6.16	273.1
GeH043	2013	2	49.14	540	0.86	51	7	47	17.4	25	6.16	273.1
GeH043	2013	3	53.01	580	1.02	51	8.5	43	19.3	25	6.16	273.1
GeH045	2013	1	55.88	410	0.67	51	5.9	52	11.9	25	6.16	273.1
GeH045	2013	2	55.45	460	0.87	51	7.1	65	15.6	25	6.16	273.1
GeH045	2013	3	53.43	420	0.9	51	7.1	55	16.9	22	6.16	273.1
GeH046	2013	1	53.92	504	1.1	51	8.2	60	20.4	28	6.16	273.1
GeH004	2013	2	54.24	470	1.11	53	8.7	70	20.5	25	6.16	273.1
GeH046	2013	2	49.79	430	0.93	53	7.4	50	18.7	25	6.16	273.1
GeH046	2013	3	54.03	420	1.09	51	8.8	54	20.1	25	6.16	273.1
GeH047	2013	1	49.17	650	1.01	51	7.8	65	20.5	25	6.16	273.1
GeH047	2013	2	52.23	590	1.03	49	7.4	64	19.7	22	6.16	273.1
GeH047	2013	3	53.61	610	0.89	51	7.7	63	16.6	25	6.16	273.1
GeH049	2013	1	51.26	490	0.77	49	6.2	56	15.1	25	6.16	273.1
GeH049	2013	2	50	550	0.8	49	5.9	58	16	22	6.16	273.1
GeH049	2013	3	50.9	550	0.85	49	6.4	52	16.6	25	6.16	273.1
GeH052	2013	1	55.25	520	0.99	51	7.3	54	17.9	25	6.16	273.1
GeH052	2013	2	52.74	580	1.04	49	7.3	58	19.7	22	6.16	273.1
GeH004	2013	3	51.36	500	1.02	53	8.4	60	19.9	25	6.16	273.1
GeH052	2013	3	53.09	550	0.93	51	7.3	52	17.5	25	6.16	273.1
GeH053	2013	1	52.14	450	0.98	51	7.3	40	18.7	25	6.16	273.1
GeH053	2013	2	56.72	525	1.09	49	8	52	19.2	22	6.16	273.1
GeH053	2013	3	53.2	510	0.92	49	7.5	42	17.2	22	6.16	273.1
GeH055	2013	1	50.82	650	1.24	53	8.9	56	24.3	28	6.16	273.1
GeH055	2013	2	51.47	725	1.19	51	8.1	70	23.1	25	6.16	273.1
GeH055	2013	3	49.34	660	1.2	51	8.3	60	24.3	25	6.16	273.1
GeH056	2013	1	52.28	640	1.19	51	8.6	68	22.8	25	6.16	273.1
GeH056	2013	2	49.62	520	1.04	51	7.6	70	21	25	6.16	273.1
GeH056	2013	3	54.37	645	1.16	51	8.3	65	21.3	25	6.16	273.1
GeH005	2013	1	52.76	510	1.11	53	8.1	53	21	28	6.16	273.1
GeH057	2013	1	54.89	500	1	51	6.8	68	18.2	25	6.16	273.1
GeH057	2013	2	51.04	660	0.83	46	5.8	65	16.3	22	6.16	273.1
GeH057	2013	3	51.95	560	0.9	46	6.6	60	17.4	22	6.16	273.1
GeH058	2013	1	48.31	485	0.72	53	6.3	58	14.8	28	6.16	273.1
GeH058	2013	2	49.47	575	0.94	49	7.2	66	18.9	22	6.16	273.1
GeH058	2013	3	44.59	570	0.77	49	6.4	54	17.2	22	6.16	273.1
GeH059	2013	1	50.39	595	1.02	51	7	63	20.3	25	6.16	273.1
GeH059	2013	2	50	485	1	51	7.9	50	20	25	6.16	273.1
GeH059	2013	3	51.64	595	1.07	51	8.5	56	20.7	25	6.16	273.1
GeH063	2013	1	55.67	530	1.17	53	8.4	63	21	25	6.16	273.1
GeH005	2013	2	50.34	590	0.88	51	6.5	49	17.4	25	6.16	273.1
GeH063	2013	2	51.63	680	1.04	51	8.1	60	20.2	25	6.16	273.1
GeH063	2013	3	53.76	630	1.09	51	7.4	54	20.2	25	6.16	273.1
GeH064	2013	1	50	640	0.77	49	5.7	55	15.3	22	6.16	273.1
GeH064	2013	2	50.94	715	0.92	46	6.3	62	18.1	22	6.16	273.1
GeH064	2013	3	51.12	660	0.82	49	6.9	58	16.1	22	6.16	273.1
GeH065	2013	1	51.04	590	1.08	51	8.2	44	21.2	25	6.16	273.1
GeH065	2013	2	49.25	530	0.98	51	7.4	46	19.9	22	6.16	273.1
GeH065	2013	3	50.29	620	1.2	51	8.3	48	23.8	22	6.16	273.1
GeH067	2013	1	48.73	490	0.89	49	7.4	54	18.33	22	6.16	273.1
GeH067	2013	2	48.03	590	0.95	49	7	57	19.8	22	6.16	273.1
GeH005	2013	3	50.29	480	0.86	51	6.5	46	17	25	6.16	273.1
GeH067	2013	3	50.87	470	1	49	8.4	57	19.6	22	6.16	273.1
GeH068	2013	1	52.36	580	1.22	53	9.4	54	23.3	25	6.16	273.1
GeH068	2013	2	46.91	520	1.03	53	7.3	50	22	25	6.16	273.1
GeH068	2013	3	52.03	640	1.23	53	8	55	23.6	25	6.16	273.1
GeH069	2013	1	49.08	580	1.01	53	7.7	58	20.6	25	6.16	273.1
GeH069	2013	2	49.95	665	0.93	51	7.1	52	18.6	25	6.16	273.1
GeH069	2013	3	49.94	540	0.84	51	6.2	50	16.9	25	6.16	273.1
GeH070	2013	1	50.07	580	0.72	49	5.4	61	14.3	22	6.16	273.1
GeH070	2013	2	50.66	480	0.77	49	6	53	15.1	22	6.16	273.1
GeH070	2013	3	54.44	530	0.82	49	6.2	54	15.1	22	6.16	273.1
GeH006	2013	1	54.44	480	0.88	51	7.6	56	16.2	25	6.16	273.1
GeH071	2013	1	53.05	470	1.05	53	8.3	67	19.7	25	6.16	273.1
GeH071	2013	2	52.14	460	1	53	8.2	61	19.2	25	6.16	273.1
GeH071	2013	3	49.84	540	0.96	51	7.1	60	19.3	25	6.16	273.1
GeH072	2013	1	58.47	590	0.95	51	6.8	54	16.3	25	6.16	273.1
GeH072	2013	2	56.4	580	0.91	51	6.5	49	16.1	22	6.16	273.1
GeH072	2013	3	58.17	630	0.95	49	6.8	59	16.4	22	6.16	273.1
GeH073	2013	1	49.04	540	0.87	51	7	61	17.8	25	6.16	273.1
GeH073	2013	2	50.91	520	0.89	51	7.1	59	17.5	25	6.16	273.1
GeH073	2013	3	49.72	690	1.06	51	7.8	62	21.4	22	6.16	273.1
GeH074	2013	1	55.03	490	1.07	51	8.3	55	19.5	25	6.16	273.1
GeH006	2013	2	53.77	530	0.81	49	6.1	67	15.1	22	6.16	273.1
GeH074	2013	2	51.32	561	0.89	49	6.9	55	17.4	22	6.16	273.1
GeH074	2013	3	54.21	441	1.1	51	7.2	60	20.2	25	6.16	273.1
GeH075	2013	1	51.55	640	1.13	51	8.2	70	21.9	25	6.16	273.1
GeH075	2013	2	55.37	580	1.11	51	7.9	60	20.1	25	6.16	273.1
GeH075	2013	3	51.24	625	1.08	51	7.8	62	21	25	6.16	273.1
GeH076	2013	1	46.45	650	0.98	51	7.4	50	21.1	25	6.16	273.1
GeH076	2013	2	44.28	520	0.89	51	6.9	61	20.1	25	6.16	273.1
GeH076	2013	3	46.1	640	1.03	51	6.7	62	22.3	25	6.16	273.1
GeH077	2013	1	47.68	390	0.86	51	7.6	56	18.1	25	6.16	273.1
GeH077	2013	2	49.89	470	0.9	51	6.9	55	18.1	25	6.16	273.1
GeH006	2013	3	51.95	430	0.8	51	6.3	48	15.4	25	6.16	273.1
GeH077	2013	3	47.12	450	0.77	51	6.7	52	16.3	25	6.16	273.1
GeH078	2013	1	47.64	550	0.71	49	6.4	54	14.8	22	6.16	273.1
GeH078	2013	2	46.54	420	0.61	49	5.5	54	13	22	6.16	273.1
GeH078	2013	3	49.25	500	0.66	49	5.6	56	13.3	22	6.16	273.1
GeH079	2013	1	43.52	440	0.94	49	7.2	56	21.6	22	6.16	273.1
GeH079	2013	2	44.41	330	0.9	51	6.7	47	20.2	22	6.16	273.1
GeH079	2013	3	43.76	460	0.95	49	7.2	58	21.8	22	6.16	273.1
GeH081	2013	1	41.25	390	0.89	51	6.5	57	21.6	25	6.16	273.1
GeH081	2013	2	43.12	370	0.86	49	6	61	19.9	22	6.16	273.1
GeH081	2013	3	41.98	370	0.85	49	6.7	50	20.2	22	6.16	273.1
GeH007	2013	1	44.13	520	0.87	53	7	55	19.6	25	6.16	273.1
GeH082	2013	1	54.46	520	1.01	51	8.1	52	18.6	25	6.16	273.1
GeH082	2013	2	52.96	495	0.99	49	7	58	18.6	22	6.16	273.1
GeH082	2013	3	54.55	590	1.08	51	7.9	48	19.8	25	6.16	273.1
GeH083	2013	1	54.96	410	0.74	49	5.8	40	13.5	22	6.16	273.1
GeH083	2013	2	52.09	390	0.57	49	4.6	56	11	22	6.16	273.1
GeH083	2013	3	52.44	450	0.67	49	5.3	48	12.7	22	6.16	273.1
GeH085	2013	1	51.67	530	1.05	49	8	68	20.3	25	6.16	273.1
GeH085	2013	2	50.17	590	0.87	46	6.1	63	17.3	22	6.16	273.1
GeH085	2013	3	52.47	510	1.04	49	8.8	53	19.8	22	6.16	273.1
GeH087	2013	1	44.62	360	0.76	49	6.1	50	17.1	22	6.16	273.1
GeH001	2013	2	54.66	740	1.2	51	8.7	64	21.9	25	6.16	273.1
GeH007	2013	2	44.42	682	0.96	51	7.8	66	21.5	25	6.16	273.1
GeH087	2013	2	44.93	380	0.65	46	5.3	54	14.4	22	6.16	273.1
GeH087	2013	3	40.3	340	0.54	49	5.2	46	13.5	22	6.16	273.1
GeH089	2013	1	48.38	650	0.75	49	5.7	51	15.4	22	6.16	273.1
GeH089	2013	2	54.61	590	0.98	46	7	68	18	22	6.16	273.1
GeH089	2013	3	52.34	570	0.92	49	6.6	45	17.5	22	6.16	273.1
GeH090	2013	1	47.08	430	0.81	49	6.5	54	17.1	22	6.16	273.1
GeH090	2013	2	51.42	570	0.91	46	6.2	52	17.6	22	6.16	273.1
GeH090	2013	3	49.66	470	0.87	46	6.4	46	17.5	22	6.16	273.1
GeH091	2013	1	49.86	430	0.7	46	5.2	45	14	20	6.16	273.1
GeH091	2013	2	50.95	460	0.75	44	6	52	14.7	20	6.16	273.1
GeH007	2013	3	43.81	650	0.92	53	7.8	60	21	25	6.16	273.1
GeH091	2013	3	51.01	450	0.7	44	5.2	52	13.8	20	6.16	273.1
GeH092	2013	1	50.46	560	1.21	53	9.3	58	24	25	6.16	273.1
GeH092	2013	2	52.22	560	1.18	51	9	60	22.5	22	6.16	273.1
GeH092	2013	3	51.99	610	1.12	53	8.7	60	21.6	25	6.16	273.1
GeH093	2013	1	47.87	350	0.68	49	6	57	14.1	22	6.16	273.1
GeH093	2013	2	43.25	490	0.71	46	5.9	49	16.3	22	6.16	273.1
GeH093	2013	3	44.59	420	0.65	46	5.4	50	14.6	22	6.16	273.1
GeH094	2013	1	45.74	550	0.62	49	5	47	13.6	22	6.16	273.1
GeH094	2013	2	50.14	550	0.71	46	5.6	60	14.2	22	6.16	273.1
GeH094	2013	3	45.93	600	0.67	46	5.1	52	14.5	22	6.16	273.1
GeH009	2013	1	45.77	440	1.02	49	7	63	22.2	22	6.16	273.1
GeH096	2013	1	54.17	680	1.27	53	9.9	70	23.5	25	6.16	273.1
GeH096	2013	2	52.18	780	1.29	51	9.8	67	24.8	25	6.16	273.1
GeH096	2013	3	52.14	530	1.19	51	9	70	22.9	25	6.16	273.1
GeH098	2013	1	49.47	680	0.94	49	6.9	53	18.9	22	6.16	273.1
GeH098	2013	2	47.09	560	0.86	49	6.1	59	18.2	22	6.16	273.1
GeH098	2013	3	46.93	540	0.77	46	5.9	54	16.3	22	6.16	273.1
GeH101	2013	1	49.87	520	0.76	49	5.6	52	15.3	22	6.16	273.1
GeH101	2013	2	46.19	590	0.68	46	5.5	62	14.7	22	6.16	273.1
GeH101	2013	3	50.63	670	0.8	46	5.9	65	15.8	22	6.16	273.1
GeH103	2013	1	45.52	528	0.66	49	5	46	14.5	22	6.16	273.1
GeH009	2013	2	46.57	515	0.8	46	6	67	17.2	22	6.16	273.1
GeH103	2013	2	48.36	450	0.8	49	6.3	47	16.5	22	6.16	273.1
GeH103	2013	3	46.42	490	0.75	49	6.4	53	16.2	22	6.16	273.1
GeH104	2013	1	48.01	440	0.89	51	7.7	50	18.6	25	6.16	273.1
GeH104	2013	2	48.23	520	0.93	51	7.2	63	19.2	25	6.16	273.1
GeH104	2013	3	52.98	580	0.96	51	7.5	52	18.1	25	6.16	273.1
GeH106	2013	1	57.64	430	1.03	53	7.8	58	17.8	25	6.16	273.1
GeH106	2013	2	52.22	500	0.83	53	7.5	53	15.8	25	6.16	273.1
GeH106	2013	3	58.9	530	1.07	53	8	60	18.2	25	6.16	273.1
GeH107	2013	1	48.83	520	0.88	49	6.6	57	18	22	6.16	273.1
GeH107	2013	2	50.93	480	0.83	49	6.3	53	16.2	22	6.16	273.1
GeH009	2013	3	43.81	418	0.75	46	6.1	52	17.22	22	6.16	273.1
GeH107	2013	3	50.07	460	0.67	49	5.7	46	13.4	22	6.16	273.1
GeH108	2013	1	49.39	660	1.05	53	7.5	50	21.2	25	6.16	273.1
GeH108	2013	2	52.57	672	1.15	53	7.9	60	21.8	25	6.16	273.1
GeH108	2013	3	51.56	690	1.25	51	8.7	55	24.3	25	6.16	273.1
GeH109	2013	1	42.68	490	0.65	49	5.3	54	15.3	22	6.16	273.1
GeH109	2013	2	43.55	460	0.68	46	5.2	52	15.5	22	6.16	273.1
GeH109	2013	3	47.25	510	0.79	46	5.5	60	16.7	22	6.16	273.1
GeH110	2013	1	47.52	450	0.78	49	6.2	48	16.5	22	6.16	273.1
GeH110	2013	2	48.18	350	0.82	51	6.7	40	17	22	6.16	273.1
GeH110	2013	3	44.91	390	0.75	49	6.6	44	16.7	22	6.16	273.1
GeH010	2013	1	51.3	520	1.1	49	7.8	69	21.5	22	6.16	273.1
GeH112	2013	1	48.31	460	0.74	51	5.8	47	15.4	22	6.16	273.1
GeH112	2013	2	49.57	470	0.7	49	5.6	56	14.1	22	6.16	273.1
GeH112	2013	3	49.32	440	0.58	51	4.8	47	11.8	25	6.16	273.1
GeH113	2013	1	45.6	470	0.68	49	6.9	57	15	22	6.16	273.1
GeH113	2013	2	49.65	360	0.71	49	6.5	52	14.2	22	6.16	273.1
GeH113	2013	3	47.68	370	0.72	51	7.2	50	15.1	22	6.16	273.1
GeH114	2013	1	51.41	440	0.95	51	7.1	58	18.4	25	6.16	273.1
GeH114	2013	2	54.35	450	0.88	49	7.1	53	16.1	22	6.16	273.1
GeH114	2013	3	49.69	450	0.79	51	6	56	15.9	25	6.16	273.1
GeH115	2013	1	45.92	710	0.97	51	8.4	63	21.1	25	6.16	273.1
GeH010	2013	2	45.11	480	0.82	46	6.2	68	18.2	22	6.16	273.1
GeH115	2013	2	48.33	810	1.04	51	9.1	60	21.6	25	6.16	273.1
GeH115	2013	3	46.52	700	0.95	51	8	55	20.4	25	6.16	273.1
GeH116	2013	1	47.68	600	0.74	49	5.6	52	15.5	22	6.16	273.1
GeH116	2013	2	50.39	655	0.78	46	5.1	56	15.5	22	6.16	273.1
GeH116	2013	3	52.66	580	0.83	49	6.2	45	15.8	22	6.16	273.1
GeH117	2013	1	43.35	540	0.89	49	7.2	52	20.6	22	6.16	273.1
GeH117	2013	2	43.24	520	0.85	49	7.3	57	19.6	22	6.16	273.1
GeH117	2013	3	42.76	520	0.73	49	6.7	54	17	25	6.16	273.1
GeH118	2013	1	51.93	410	0.89	51	6.6	55	17.1	25	6.16	273.1
GeH118	2013	2	49.51	460	0.81	49	6.5	54	16.4	22	6.16	273.1
GeH010	2013	3	47.88	500	0.92	49	7	62	19.3	22	6.16	273.1
GeH118	2013	3	52.46	420	0.96	51	7.7	58	18.3	25	6.16	273.1
GeH119	2013	1	47.33	450	0.85	49	6.9	45	18	22	6.16	273.1
GeH119	2013	2	46.71	480	0.79	49	5.7	50	17	22	6.16	273.1
GeH119	2013	3	46.08	540	0.81	46	6.4	55	17.6	20	6.16	273.1
GeH120	2013	1	59.64	380	0.98	51	7.7	61	16.5	25	6.16	273.1
GeH120	2013	2	56.64	480	0.9	51	7	56	15.9	25	6.16	273.1
GeH120	2013	3	57.54	470	0.96	51	7.8	56	16.7	25	6.16	273.1
GeH121	2013	1	44.1	510	0.73	46	6	50	16.6	22	6.16	273.1
GeH121	2013	2	45.75	490	0.52	44	5	50	11.3	20	6.16	273.1
GeH121	2013	3	47.3	420	0.67	44	5.3	46	14.1	20	6.16	273.1
GeH011	2013	1	53.3	710	1.05	51	8.1	55	19.7	25	6.16	273.1
GeH122	2013	1	42.97	460	0.83	51	6.9	55	19.2	25	6.16	273.1
GeH122	2013	2	43.63	380	0.89	51	7.7	41	20.4	22	6.16	273.1
GeH122	2013	3	47.17	400	0.87	49	6.9	45	18.4	22	6.16	273.1
GeH123	2013	1	47.87	500	0.74	49	6	47	15.5	22	6.16	273.1
GeH123	2013	2	49.53	480	0.63	46	5.1	53	12.8	22	6.16	273.1
GeH123	2013	3	50.14	520	0.7	46	5.9	52	13.9	22	6.16	273.1
GeH125	2013	1	54.95	570	1	53	7.8	62	18.2	25	6.16	273.1
GeH125	2013	2	53.56	450	0.96	51	7.3	53	18	22	6.16	273.1
GeH125	2013	3	54.85	490	0.91	53	6.9	50	16.5	25	6.16	273.1
GeH126	2013	1	53.69	660	0.96	51	7.8	41	17.9	25	6.16	273.1
GeH011	2013	2	54.14	790	1.03	49	7.1	66	19.1	22	6.16	273.1
GeH126	2013	2	55.84	610	0.86	49	6.3	50	15.4	22	6.16	273.1
GeH126	2013	3	52.41	730	1.02	49	7.6	51	19.5	22	6.16	273.1
GeH127	2013	1	53.71	590	1.1	53	9	63	20.5	28	6.16	273.1
GeH127	2013	2	50.81	480	1.07	53	8	52	21.1	25	6.16	273.1
GeH127	2013	3	54.68	540	1.21	53	8	51	22.2	25	6.16	273.1
GeH128	2013	1	43.24	440	0.59	46	5.8	46	13.6	20	6.16	273.1
GeH128	2013	2	45.3	400	0.45	46	4.4	43	10	22	6.16	273.1
GeH128	2013	3	41.78	470	0.49	44	4.2	50	11.8	20	6.16	273.1
GeH129	2013	1	48.08	470	0.83	51	6.2	47	17.2	25	6.16	273.1
GeH129	2013	2	45.71	400	0.64	49	5.5	44	14	22	6.16	273.1
GeH001	2013	3	52.51	620	1.07	51	8.1	50	20.3	25	6.16	273.1
GeH011	2013	3	52.33	740	1.08	49	7.5	60	20.6	22	6.16	273.1
GeH129	2013	3	47.77	390	0.71	49	5.8	47	14.8	22	6.16	273.1
Georgie	2013	1	54.74	700	1.14	53	7.7	57	20.9	25	6.16	273.1
Georgie	2013	2	52.44	880	1.25	51	9	65	23.8	25	6.16	273.1
Georgie	2013	3	49.87	750	1.12	51	8.5	54	22.4	25	6.16	273.1
Harmal	2013	1	49.32	260	0.58	44	5.6	45	11.8	20	6.16	273.1
Harmal	2013	2	41.81	270	0.49	44	4.6	52	11.6	20	6.16	273.1
Harmal	2013	3	51.09	370	0.89	44	7	45	17.4	20	6.16	273.1
GeH012	2013	1	55.23	750	1.09	51	7	55	19.7	28	6.16	273.1
GeH012	2013	2	51.93	590	0.86	51	6	48	16.6	24	6.16	273.1
GeH012	2013	3	53.56	730	1.04	49	6.8	58	19.4	22	6.16	273.1
GeH013	2013	1	53.97	520	0.97	51	6.8	49	17.9	25	6.16	273.1
GeH013	2013	2	54.11	490	0.7	51	6.4	48	12.9	25	6.16	273.1
GeH013	2013	3	58.72	580	0.83	51	6.7	56	14.1	25	6.16	273.1
GeH016	2013	1	47.17	510	0.85	49	6.4	57	18	25	6.16	273.1
GeH016	2013	2	47.85	588	0.89	46	6.6	53	18.6	22	6.16	273.1
GeH016	2013	3	45.96	590	0.84	46	6.6	55	18.3	22	6.16	273.1
GeH002	2013	1	49.2	530	0.99	51	7.6	60	20.1	25	6.16	273.1
GeH017	2013	1	51	460	0.77	46	5.5	43	15	20	6.16	273.1
GeH017	2013	2	51.03	680	0.79	46	5.2	57	15.5	22	6.16	273.1
GeH017	2013	3	52.79	660	0.64	46	5.1	53	12.2	22	6.16	273.1
GeH018	2013	1	57.56	670	1.23	51	8.7	75	21.3	25	6.16	273.1
GeH018	2013	2	54.35	770	1.21	51	8.6	78	22.3	25	6.16	273.1
GeH018	2013	3	52.99	710	1.17	53	8.6	67	22.1	25	6.16	273.1
GeH019	2013	1	46.18	530	1.04	53	8.2	50	22.5	25	6.16	273.1
GeH019	2013	2	46.48	480	0.9	51	7.8	52	19.3	25	6.16	273.1
GeH019	2013	3	45	450	0.97	51	7.7	55	21.6	25	6.16	273.1
GeH020	2013	1	49.12	510	0.89	49	7	77	18.2	22	6.16	273.1
GeH002	2013	2	51.76	490	0.82	51	6.2	51	15.9	25	6.16	273.1
GeH020	2013	2	49.95	620	1.05	51	8.3	70	21	25	6.16	273.1
GeH020	2013	3	47.71	540	1	51	7.8	70	21	25	6.16	273.1
GeH021	2013	1	45.32	620	0.98	53	7.7	45	21.6	25	6.16	273.1
GeH021	2013	2	48.15	590	1.17	51	9	69	24.3	25	6.16	273.1
GeH021	2013	3	47.09	560	1.05	53	8.5	50	22.3	25	6.16	273.1
GeH022	2013	1	48.12	460	0.95	53	7.5	55	19.7	25	6.16	273.1
GeH022	2013	2	49.91	550	1.07	51	8.4	63	21.5	25	6.16	273.1
GeH022	2013	3	47.93	520	0.83	53	6.9	60	17.4	25	6.16	273.1
GeH023	2013	1	43.07	450	0.83	49	6.8	54	19.2	22	6.16	273.1
GeH023	2013	2	44.1	510	0.81	46	5.9	43	18.3	22	6.16	273.1
GeH002	2013	3	50.13	580	0.78	49	5.9	55	15.6	22	6.16	273.1
GeH023	2013	3	44.69	420	0.8	49	6.2	44	17.9	22	6.16	273.1
GeH024	2013	1	54.4	580	0.99	49	7.9	66	18.2	22	6.16	273.1
GeH024	2013	2	52.66	560	0.93	51	7	52	17.7	25	6.16	273.1
GeH024	2013	3	51.78	620	0.93	49	7.2	67	18	22	6.16	273.1
GeH025	2013	1	48.27	420	0.92	51	7.1	50	19.1	25	6.16	273.1
GeH025	2013	2	53.37	460	1.11	51	7.2	48	20.8	25	6.16	273.1
GeH025	2013	3	50.54	440	1.03	49	7.5	48	20.4	22	6.16	273.1
GeH026	2013	1	54.76	660	0.92	46	6.4	51	16.8	22	6.16	273.1
GeH026	2013	2	54.2	560	0.95	49	6.8	45	17.6	22	6.16	273.1
GeH026	2013	3	53.65	510	0.74	49	5.2	42	13.7	22	6.16	273.1
GeH003	2013	1	53.71	670	1.06	49	7.7	74	19.7	22	6.16	273.1
GeH027	2013	1	50.24	630	1.05	49	7.8	62	20.8	25	6.16	273.1
GeH027	2013	2	53.55	650	1.09	49	8.1	63	20.3	22	6.16	273.1
GeH027	2013	3	52.11	560	1.06	49	7.8	60	20.4	25	6.16	273.1
GeH028	2013	1	40.17	505	0.71	51	6.7	49	17.7	25	6.16	273.1
GeH028	2013	2	43.72	510	0.8	51	7	48	18.3	25	6.16	273.1
GeH028	2013	3	40.56	440	0.72	51	6.9	50	17.8	25	6.16	273.1
GeH029	2013	1	54.13	740	1.22	53	8.2	70	22.5	25	6.16	273.1
GeH029	2013	2	50.9	650	1.07	51	8	78	21.1	25	6.16	273.1
GeH029	2013	3	50.5	640	1.1	51	8	75	21.8	25	6.16	273.1
GeH031	2013	1	54.12	565	0.96	51	7	53	17.7	25	6.16	273.1
GeH003	2013	2	51.59	640	1.17	49	8.6	65	22.7	22	6.16	273.1
GeH031	2013	2	52.34	510	0.87	51	6.8	49	16.7	25	6.16	273.1
GeH031	2013	3	51.59	480	0.88	49	6.9	53	17	22	6.16	273.1
GeH032	2013	1	52.79	450	0.91	49	6	56	17.2	22	6.16	273.1
GeH032	2013	2	53.97	410	0.68	49	4.6	42	12.6	22	6.16	273.1
GeH032	2013	3	51.53	550	0.77	46	5.3	50	15	22	6.16	273.1
GeH033	2013	1	47.89	705	0.89	49	6.4	56	18.5	25	6.16	273.1
GeH033	2013	2	50.6	635	1.01	46	7	60	19.9	22	6.16	273.1
GeH033	2013	3	50.85	600	1.02	49	7.1	54	20	22	6.16	273.1
GeH034	2013	1	46.54	490	0.73	49	6.5	45	15.6	22	6.16	273.1
GeH034	2013	2	45.54	570	0.8	46	6	53	17.5	22	6.16	273.1
GeH003	2013	3	55.93	510	1.11	51	8.1	68	19.9	25	6.16	273.1
GeH034	2013	3	43.38	580	0.64	46	5	50	14.8	22	6.16	273.1
GeH036	2013	1	54.68	480	0.94	51	6.8	53	17.1	28	6.16	273.1
GeH036	2013	2	52.65	410	0.8	51	6.5	48	15.1	25	6.16	273.1
GeH036	2013	3	54.14	440	0.88	51	7.5	47	16.2	25	6.16	273.1
GeH039	2013	1	56.44	560	1.22	51	9.3	66	21.6	25	6.16	273.1
GeH039	2013	2	52.4	510	1.18	51	8.7	70	22.5	25	6.16	273.1
GeH039	2013	3	54.15	570	1.05	51	8.6	70	19.3	25	6.16	273.1
GeH040	2013	1	48.34	700	0.73	51	6	47	15.1	22	6.16	273.1
GeH040	2013	2	49.82	840	0.84	49	6.1	60	16.8	22	6.16	273.1
GeH040	2013	3	48.15	750	0.81	51	6.6	54	16.8	25	6.16	273.1
